%YAML:1.0

pic_file: " "

x1: -0.5
y1: 0.0
z1: -0.5

x2: 0.5
y2: 0.0
z2: -0.5

x3: 0.5
y3: -0.5
z3: -0.5

x4: -0.5
y4: -0.5
z4: -0.5
