%YAML:1.0

pic_file: "osg64.png"

x1: -1.0
y1: 0.0
z1: -1.0

x2: -1.0
y2: 1.0
z2: -1.0

x3: -2.0
y3: 1.0
z3: -1.0

x4: -2.0
y4: 0.0
z4: -1.0
